0.000343345474411281 0.00015273338741196875 8.660452224059278e-7 7.873071375565717e-7 7.873070121058894e-7 1.323514861499819e-7 2.317614879966562e-8 2.3176146499749388e-8 2.3176141899955675e-8
0.4155893172586607 0.19127777882561858 0.0006560632564428948 0.00016575236703842726 0.00016575233697726095 1.436325205428697e-7 4.046699512030637e-8 4.046692937567813e-8 4.046678071273974e-8
0.8850480414601234 0.401404281019399 0.0017890421891340862 0.0010124829544121982 0.0010124512710635233 1.0619789681667648e-5 1.0596562104874936e-5 8.167304023216538e-6 8.141258751694359e-6
1.0259218086031994 0.46891649325210094 0.0018390635535284231 0.0007402736804225146 0.0007400203339375695 1.8848025969733652e-6 1.8765663608583492e-6 1.8362735276718533e-6 1.7735931392042707e-6
1.0915486714695928 0.49704926864355686 0.002078038213376023 0.001004756535064804 0.0010033572643774534 4.58818920011828e-6 4.523862894762711e-6 4.4705920700500565e-6 4.1413412587191174e-6
1.1149765041383142 0.508682567355209 0.002055724116584135 0.0009132033389076817 0.0009076840904841017 -1.2827897528141482e-5 7.277413700563699e-6 5.414296009764287e-6 5.114460219885879e-6
1.1274924445019034 0.5139165844921997 0.002103011213784846 0.0009777499424016706 0.0009663943937440864 -3.0795560944636e-5 1.843499056492382e-5 1.4711384735943144e-5 1.3985020507266904e-5
1.1319503897100291 0.5162070537438165 0.0020838467141366373 0.0009462884703883422 0.0009272754059106896 -6.0654210184500906e-5 4.034244921157097e-5 3.1312053844926925e-5 3.0244987190023768e-5
1.1343496850035546 0.5172054109771885 0.002079745988848554 0.0009490299660796408 0.0009199088286518485 -0.00010709739726106704 7.964643801173073e-5 6.0578067053826096e-5 5.3743000475836246e-5
1.1349452468180279 0.5175699368489535 0.0020575295206108303 0.0009242084286394023 0.0008828774793250009 -0.00017280313026460742 0.00013832193033282643 0.00010278746045251743 -8.643011954387786e-5
1.135060977994521 0.5176308265137026 0.002039382248948277 0.0009062968134399685 0.0008509198921251129 -0.00026161395193699 0.00021837117336879393 0.00015865942116613104 -0.00013049776525828684
1.1347023907004 0.517519608537636 0.002020858011591334 0.0008848884690284786 0.0008140143456506444 -0.00037594913005049575 0.0003190179936672889 0.0002264236852002953 0.00018479996774841678
1.1341636138981572 0.5172983679122442 0.002012011729988613 0.0008729643716886177 0.0007855871935045069 -0.0005180619810266815 0.0004394772579335137 0.00030368356932085095 0.00025312715986958406
1.1334262030808815 0.5169858240934444 0.0020175975889641738 0.0008730102933466972 0.0007679297932693491 -0.000688728452967561 0.0005780389847711252 0.00038765788337745085 0.00033510679544763354
1.1325458199794989 0.5165867055405245 0.0020459864871594157 0.0008929732811917198 -0.0008877978617089888 0.0007672654477151146 0.0007318696845968368 0.0004768657926020988 0.00043017448213605164
1.1315048253401687 0.5160977299757986 0.0021030468946641235 -0.0011139413082432719 0.0009536157958832368 0.0008809373289847233 0.0007852121573148043 0.0005717744438682853 0.0005358587054558122
1.13030672125666 0.5155153811611392 0.0021924559723881768 -0.0013650469939241456 0.0011145494681677047 0.000966527384432876 0.0008223127678142777 0.0006743639911412643 0.0006467508694833631
1.1289415618636085 0.5148376122945393 0.002313537387171525 -0.0016382923606908942 0.0013133099350466993 0.0010523479431599101 0.000876661724865883 0.0007862638365804019 0.0007536481814044181
1.12740964251882 0.5140661250020689 0.0024621457111958234 -0.0019303793089665894 0.0015256514236272947 0.0011639450453643256 0.0009456134785452204 0.0009075354592035533 0.0008521352954471834
1.1257138218813982 0.5132066903905294 0.002631940761443439 -0.0022376700089048575 0.0017464949801113251 0.0013015424242653394 0.0010367527653926075 0.0010286111884743798 0.000978860178719726
1.1238651300492022 0.5122693961219676 0.0028160362202308362 -0.0025563759681557986 0.0019721786614214187 0.0014579461058629984 0.0011716782964670512 0.0011373832780360443 0.0011244299168578454
1.1218803222003608 0.5112680638562679 0.003007987696506183 -0.002882719872294669 0.002199355341246874 0.0016255056245381024 0.0013098070209949418 0.0012756055405557737 0.0012698187519699288
1.1197819691765778 0.5102194848460955 -0.003213095512381948 0.003202324886196077 0.002425005365088609 0.0017985625146287902 0.0014486802988320708 0.0014310503316811716 0.0014094519517109014
1.1175963088760512 0.5091423882769048 -0.0035441906111422588 0.0033947213556199916 0.0026465484434877386 0.0019730779231311177 0.0015894810296899194 0.0015860463428704842 0.0015513641089206474
1.1153515492728026 0.5080564804756831 -0.0038730698191263165 0.003581994655804829 0.0028619334881843455 0.0021460373754870407 0.0017497044597559004 0.001719947385086762 0.0016935605860373649
1.1130757810553484 0.5069816695221545 -0.004197205202599688 0.003762003338346241 0.0030696738948031966 0.0023150946165017834 0.0019106432331850943 0.0018487680510611254 0.0018347287154096938
1.110795269658533 0.505937671539435 -0.004514448358060794 0.003933497471728276 0.003268839890289297 0.002478369306398221 0.00207135034865425 0.0019738897755113846 0.001971264397968158
1.1085329295927118 0.5049440914729213 -0.004822911472099615 0.0040959598363216375 0.0034590442621638988 0.002634284452205658 0.0022310068362300854 0.002110289637952994 0.002086597168416933
1.1063065464780808 0.5040210400122631 -0.0051205678852621755 0.004249516932024089 0.0036405623784877745 0.002781259852285784 0.0023888391657436937 0.002243186627376136 0.0021944700217025282
1.10412102041877 0.5031903737273707 -0.005402724890358464 0.004395302115338927 0.003815569680967876 0.002915867484804748 0.002542833514959444 0.0023697909621478905 0.0022962015987876543
1.102620571162756 0.499037448600368 -0.005055646011537919 0.0037515352153257675 0.003276031743211516 0.0025406382463438143 -0.0024446287028112076 0.0022151226965199536 0.0020579018939706306
1.1039708821806804 0.4987900032699669 -0.005378703623383935 0.004421145435772661 0.0026878883873391536 0.0026237478928582084 -0.0024332840260107465 -0.002201912834531779 0.00202166662621545
1.1032316348361397 0.49807812437874455 -0.0055154546002238675 0.003985635281693103 0.002736389933445642 0.002611457968296688 -0.0023578730476111085 0.0021141974845301555 -0.0019938943137297045
1.1027680563397262 0.4982649397396291 -0.005870809750034747 0.003820420366516336 0.0028410669047645564 0.002758542405401252 -0.0025783359440090586 0.002245154071917075 0.001990480812165134
1.1016675455240266 0.49781147318590085 -0.0061632323772980524 0.003861206852845962 0.0029424768592062013 0.0028923390202650594 -0.0027996685910783785 0.0023784873742908512 0.002119622415772341
1.0997196451835547 0.4972324320280475 -0.006436642082292223 0.003928472611535755 0.0030261023658254265 -0.003022638883571525 0.0030206554636385214 0.002504857508440195 0.002258364547978605
1.0977956624730063 0.49675091229144863 -0.0066902160864123275 0.004000964649631865 -0.0032458171980686425 0.0031451807332444036 0.003099253981660569 0.002623127785947192 0.0024053155368705323
1.0957925233601131 0.49646715850330986 -0.0069281220881754054 0.004060846764910316 -0.003469293991067568 0.0032737206361581382 0.003161164371246767 0.0027288673850739973 0.0025566436653770915
1.0938869292367852 0.496511847960545 -0.007152632552421743 0.004098576466033774 -0.003697348595292811 0.0034160124881068795 0.003212389741625352 0.0028142771767027553 0.0026990184797589874
1.0920388590067676 0.4970606062235745 -0.007363996444851768 0.004077440359113336 -0.003942233670735281 0.0035925949709022047 0.003243299264613545 0.002852530861269982 0.002779387934303274
1.0902137227045836 0.4984916922981669 -0.007570131325970043 -0.0042308956087653005 0.0038784715228208665 0.0038618606756685 0.0031966237437714273 0.0027595759530359776 0.0026101727941917063
1.0886233240112837 0.5012726611942145 -0.00784791146023862 -0.004540081163154155 0.004227795255554116 0.0035156434990713053 0.0030105695559595343 0.0027265094972352493 -0.002199777814149466
1.0878036459153462 0.505840455589057 -0.008240126168871813 -0.004802473277643838 0.004455143266861775 0.0033680396834792387 0.0029550145505602247 0.0028658768628780037 0.002464751318824121
1.0870909782991351 0.5130165538707406 -0.008634208959916682 -0.005055443133231688 0.004562723583545224 0.0033796611229598063 0.002995115434563607 0.0029292182849933097 0.002732183752582615
1.0857646823930445 0.5233625067513596 -0.008939121957886622 -0.005289353010524662 0.0046465926734163155 0.0034520166692111717 0.0030275535435942626 0.0029993908352972417 0.002886279250959943
1.083730970907079 0.5383412386321764 -0.009161418599212857 -0.005483493020727906 0.004718234642967439 0.00355376673836022 0.003116090957838272 0.0029973584571480094 0.0029746223791172017
1.0809663629310169 0.5599750613913818 -0.009295033534378234 -0.005610007095174699 0.004775344847006158 0.0036975309915225412 0.0032400599465413297 0.0030068461696399827 0.0029502220193705613
1.076292845073476 0.5902103827912605 -0.009287381177496943 -0.005603713977429345 0.004796632239599727 0.003982828448869886 0.003424328343529759 0.002970656974163844 0.002841202580332077
1.057715315556046 0.6299529888751345 -0.006329178057322858 0.005518976807472619 -0.004135242930738167 0.003973482146137609 -0.0018684350043344003 0.001537915470918894 0.001420617141397052
1.0281781507756558 0.663148011705839 -0.005358995545617447 0.004819506032651058 -0.0036004617983005772 0.0034165759806502097 -0.0014090975902395428 0.0011247430888603287 0.0011218034998939125
